$ANSIBLE_VAULT;1.1;AES256
66643966646566373136626266356131316365616462386632363730333665646239376564663338
3431336163376130616565656430653063626264373031390a353135633165393338333139326531
32633834313965363730316363363536303731326665336237383433303939393162623061326163
3833343962616538340a333530303237373339326136333531393739366437366334366666363764
36666137386534303634393232333265376564666430633236313330616635646666643366643237
38343831346136636566386431643161316164336532646465613064656633623563343934646666
33326334303434653631633336383164323164323039323034373436313464346162376431626364
63376136396535343664636535353935333963383837396335643435313737383666353132373766
62343938396238303436343666663965353562393038393462343430383134623761346165343436
38373530373965663637653065353864373064623564363639393538663435313838393064303632
65303161383436393639636436343231306633306437323931336465663235333537666561646335
37366134373966323730643862346530643761363831643136616638653435653165666236613433
35373237386562303364343536363937363530353035646262343030333636646663346634626566
61323339323032663232653664613562623236376631646436646139366164373663323662356266
61643732396134373964616465636530363931626163626536623737383136343936323535393762
65333831376364323535656634333338656336316238303338396433613833343062613566306264
64366436643932363765313462663161326337613863343439306234376561383830373732646138
63363439393862356232616531383761663038383966386164343336316633346236393331356434
65393265306639383261616562663666363266346433636664656566343062366233653131383663
35376634636434393832613735643233363432363436313666616231373861383665623731653339
62633463343664356363363939623732323661623638646531386466353938633938626636663363
33633333383265333433346230646466633535393139326236633331383036663766656665653966
62643539626230626438393534346464653134653561643439316461613965326638373762646134
36656339616331363034323834633465396236316238636533623562373462353732353739363663
33653133363431646564363631613635326463663031633365366138373230623065363538363564
36353335303763393839663862333430663365363835656231656236373930366362643463646330
61663461323737306564393338373435653463643361383439333434396265366438383661383966
64616338396239303434323138346563633130303331653033313633303139656130653736366334
62333132656135613233623861336437376635363839333431336537663062363264323361336338
39313035303832613536636665323336323537326333333037646436613866643362333632303962
39353037653061386135643935643730343034323836643531646561363939303937373537326236
36613530656563366164653236316165663932656266623462316664306561336534666631653963
33633131383634333733623237343739393335343838303633393330323736356232336133636361
32356464346231633564326666306232323164643831363965326139633638313536333336616365
63343834633137303566626464653764363261643531616230393063633339343766323538316237
34623235663964336236393535373437633139666534643030623435623532303731656338396365
62656331316265373438653365613862363063303332323365623036343331663839623534653966
39663938643131633936383334393263323635313036386133333331343439666537346434633966
30323866666437396530373838346531373364323364363766373964623832623437306638366466
62376666383639333933633262393263303732346533316565376633343236386233393266373438
34623933323464633363373862663965393234653938333561333534613036643332663231333334
30656265663866646335313033643135643131653164623265393233306231656531613864613663
35633133393961306535323464356537313039393263666535383839626231346664303533623037
61373133303063343335666438336636666637643166316663393738316463613834356361303761
31346336313462333437623338353562316231666138303932653839386666306235313837326635
64653637636636643435643235646363326239643163386565343430313531393866633962346532
62623133323062303830396665653436393732306339313839313561623831363739623633336133
30313035393631343933313235643961333734376162666133386532303863353931613366313962
38656539356264353466346632636532613932323663336433366332383261633139383734336365
61393131616666626333633966333066323133646537653161366131383462613965323666623566
63353861336138363930356261643432303537396162393264643932616531376363646662313364
62393865336566303631306130343134643166393761333637623730356539333333653366643938
38633662346661646133323430373763656663316237633263636430373166643431303235323364
35363336353234636463313734616139626435303134633561366233633033613235613466313838
61383239313636356632396566383232343262303666666462343762613236343131386431633039
34306534663435363030326133363562643837353162326433393162366466646330633736303266
35316534383733383564613761636166643233373766663563396231353937343830386536343864
35393036333564623565663831333966356331343935366334343830323432366631613835663264
36396431333634353438316332333634653137616130396331363430333333333763396430363535
65323065643230613463373437313239363663316263316164376364613763666638323738663833
66646239663739353134396430643339323836393234323839633363303437633439663432653731
61353265343063343734363235653865653064346264623765373939616565613261336365313565
34626533373366663462613036336535343766643265323737616138656636336331303461313533
36383364393935656361623831306663363435336564616434363336396333663233326532626631
65363939316533396264313831663566383234613062663532393536343439643439626631393139
37376635316431616162356433343561363734313263633336353866326434653732663765383063
64626132613534643863383563653265323538643230393338643463643163353239653263613636
33636263313838633634613432303831383831656366346337366664396530653664663062643634
64343330616536636532663935346430336636313630303833663833333161326461353535363934
66393238613933336631366562376130636437623030643538363734383833666362623466323232
34313466396138623463353661316361303337373039663630306462613838653632373530643135
39626434363030313835336162396438623535633339336431343235366530613031373862616362
33656264386238636462663730316335316638326633653037636333313963396665633861386433
37636365336238303435656661633161323562366266386561613262666130396133623865373266
32373033393734616332333931386366613339343566383535386161396330663335386239666161
33373266306536663331626263336331636438396333666632306463656236313162386264383564
61613564633037333361656433626566343361366438396131613236643365326634326135343665
62396135353833646664346561643133383166323330376535346263376537303132323539383964
34306237393038613338616366393734323137376239313264303437363261316436636363366436
30653335653836626130316564363032663162663765346530323461333963363731346363353035
37303563643462396530313431616466303334643662323766663530646231363632623231643665
32653861636335633766633562306138343439336136653733393766663462663565313335383932
66636366373263616432333936613663636634613730356233653863396265323965366463323930
65653861323935336564656263363731623231316439653261376634633031643338316538313536
37363136393331366535656430373432363834393565376566633466626266323335666137643163
36663265613033313962666238366531623462616664356562376266343632363763353333666530
64646132383961303536376138373266333933333331306132323765376262613936643761613339
34386337366533333565303432326163363336376539383662323139376632623233353439383730
65656664333862326265383839363334383435666634613964613664666264303031383130623137
38353463353236333562376366376366623266623838373231353361313337336439623032333136
65383632313932393131363038666435653034643238353731613937323236373133613731636466
64396532623039346466653064386265616137376562656637613737383664353062666364376435
31373036356438653265373061336538383864303637343531346664386137386364373431663265
65336634333666316662393261386162303131363133366639343535363261666632303436626539
633662393661343766396261653033383962
